#MODEL 0 (Purple)
#GROUP 0
127.5 0 127.5
127.5 0 127.5
127.5 0 127.5
127.5 0 127.5

#GROUP 1
127.5 0 127.5
127.5 0 127.5
127.5 0 127.5
127.5 0 127.5

#GROUP 2
127.5 0 127.5
127.5 0 127.5
127.5 0 127.5
127.5 0 127.5

#GROUP 3
127.5 0 127.5
127.5 0 127.5
127.5 0 127.5
127.5 0 127.5

#MODEL 1 (RED)
#GROUP 0
255 0 0
255 0 0
255 0 0
255 0 0

#GROUP 1
255 0 0
255 0 0
255 0 0
255 0 0

#GROUP 2
255 0 0
255 0 0
255 0 0
255 0 0

#GROUP 3
255 0 0
255 0 0
255 0 0
255 0 0

#MODEL 2 (green)
#GROUP 0
0 255 0
0 255 0
0 255 0
0 255 0

#GROUP 1
0 255 0
0 255 0
0 255 0
0 255 0

#GROUP 2
0 255 0
0 255 0
0 255 0
0 255 0

#GROUP 3
0 255 0
0 255 0
0 255 0
0 255 0

#MODEL 3 (blue)
#GROUP 0
0 0 255
0 0 255
0 0 255
0 0 255

#GROUP 1
0 0 255
0 0 255
0 0 255
0 0 255

#GROUP 2
0 0 255
0 0 255
0 0 255
0 0 255

#GROUP 3
0 0 255
0 0 255
0 0 255
0 0 255

#MODEL 4 (red green)
#GROUP 0
255 255 0
255 255 0
255 255 0
255 255 0

#GROUP 1
255 255 0
255 255 0
255 255 0
255 255 0

#GROUP 2
255 255 0
255 255 0
255 255 0
255 255 0

#GROUP 3
255 255 0
255 255 0
255 255 0
255 255 0

#MODEL 5 (green blue)
#GROUP 0
0 255 255
0 255 255
0 255 255
0 255 255

#GROUP 1
0 255 255
0 255 255
0 255 255
0 255 255

#GROUP 2
0 255 255
0 255 255
0 255 255
0 255 255

#GROUP 3
0 255 255
0 255 255
0 255 255
0 255 255

#MODEL 6 (blue red)
#GROUP 0
255 0 255
255 0 255
255 0 255
255 0 255

#GROUP 1
255 0 255
255 0 255
255 0 255
255 0 255

#GROUP 2
255 0 255
255 0 255
255 0 255
255 0 255

#GROUP 3
255 0 255
255 0 255
255 0 255
255 0 255

#MODEL 7 (white)
#GROUP 0
255 255 255
255 255 255
255 255 255
255 255 255

#GROUP 1
255 255 255
255 255 255
255 255 255
255 255 255

#GROUP 2
255 255 255
255 255 255
255 255 255
255 255 255

#GROUP 3
255 255 255
255 255 255
255 255 255
255 255 255
